40787
06921
98206
36399
73445
60412
84881
67143
06000
68488
32135
81724
54573
94560
51628
38370
28090
42711
10514
64656
32153
81954
29873
02227
35063
66499
23839
48032
17673
18714
18579
72890
99566
39027
30871
20659
05469
94093
71823
29688
24098
44183
64074
46532
80625
60500
37407
66092
03752
84882
96076
01949
72869
40850
60063
07492
95857
63584
51160
24677
99549
25303
83343
89684
47484
28689
90498
42556
13939
72308
30287
53908
57043
56347
79906
69221
71489
37765
12598
66450
13084
25156
99336
19169
05340
20871
62960
16149
76847
92530
10682
99767
68128
72061
41040
55089
20705
34878
10216
95707
55482
54578
65385
58067
09785
93974
15084
41213
44241
86742
00106
62694
45027
61870
41748
07243
55255
96868
57680
32774
98854
50719
10083
48185
09336
01856
52953
81084
20393
11345
45483
15550
46220
97652
27217
17801
36622
12444
55949
02971
33845
18422
80520
56553
95594
43747
14255
42489
97777
12713
70207
58908
49448
86491
41588
22503
18040
36064
73285
53558
41873
17131
75894
21271
38852
09498
33677
24224
05323
65057
54620
45373
28304
58242
50596
08453
95430
93511
60017
25416
59284
57852
44151
99913
59792
04913
57591
64189
51848
62140
19793
38399
92435
62632
50237
32738
69324
86691
61070
04032
70871
62851
78742
68342
07443
99270
38316
04504
53449
85837
67161
85424
81330
28062
42637
65374
46042
37715
49979
35067
75506
61160
50657
93718
31596
09250
97542
86331
23959
06385
90955
28292
44843
81186
82760
67789
60284
09159
55273
67037
12402
62449
03122
67077
99842
59088
95275
19673
38492
61183
64787
31641
22142
93684
95908
06758
08126
38377
75120
01290
57937
47798
64470
84762
79192
80133
73484
54769
03014
20672
34463
89195
40091
32200
51272
44154
25972
65178
82940
56007
42277
19334
84837
96089
57412
44111
61340
24804
85363
46601
92122
32048
15973
85093
96287
18774
55996
67635
04264
14562
94393
10024
21767
57695
55854
97186
16730
28049
52405
77256
52791
04778
67315
95628
56736
38240
73197
21702
83266
34789
92193
38437
40778
65332
38497
22264
75945
10783
13429
37755
31526
16062
42114
99279
66512
66943
20898
99484
40285
90938
73205
45105
23719
57977
67173
28420
63601
74576
56094
18679
10430
51668
80662
74726
37873
91335
60561
12214
93116
33756
20825
05987
02099
71834
38902
53018
84900
34193
90554
98719
53374
90306
24572
02872
57124
77536
76706
71472
87826
95678
30553
98576
24366
61140
75615
02019
47538
04505
16120
61790
72606
76704
30636
61776
17755
15246
88506
20140
35947
37143
44870
45081
84627
86104
27940
34847
73793
30493
34561
25577
68998
03089
07266
85726
61195
44663
30173
02898
77442
76158
24351
95302
46860
81468
28061
19262
05087
16608
47586
86238
70860
41125
54168
05591
36393
84905
19483
84448
43913
60863
28044
13119
05781
45742
26263
19309
99725
11192
13364
07351
14211
81596
54922
38332
53771
60994
28113
86566
19014
90699
40724
20029
04283
02178
96182
51567
50577
06575
86043
43118
96501
21433
90213
98281
19630
46574
24838
44813
27582
98334
44326
66220
15945
02032
54859
41471
34778
98573
35778
84178
42276
91523
94098
78129
62160
66763
12330
41213
82733
91731
74331
19486
64295
67702
88943
89826
46323
60475
01144
97718
36706
27450
08334
88612
55993
38035
70148
38411
30535
37081
58729
20364
44440
83580
44343
42815
67661
73201
13054
84114
82513
63196
42700
05742
41585
76197
50446
17571
94747
54974
58546
07827
21733
39164
37637
14005
93350
53391
83149
67397
43113
22494
80160
49011
23605
53005
82762
23110
18156
48435
95107
11584
91746
79554
05098
62445
56981
66239
61398
91979
60312
43690
20224
54764
81615
39600
07547
83817
09796
65548
17708
41173
24066
90013
73950
35222
40277
74447
38625
81314
98513
72919
68921
49100
22600
07977
08319
90447
09584
42864
42184
55180
21154
93654
26556
70987
49304
99440
86118
05268
47317
57620
32993
74383
61573
17248
40143
84384
86459
25388
42432
90859
11683
70238
80391
49296
78977
78608
34065
48533
35890
32750
87163
78195
35511
93850
00531
95508
03208
47691
02384
47195
31544
70904
94530
07487
82277
01980
66521
51784
26061
17278
19047
68735
79607
40003
87473
62168
14569
59255
48354
79082
71009
29073
46489
19591
79117
41165
23969
40675
32759
40996
30851
38931
86335
66977
71653
39653
78718
72492
25475
86821
07307
06060
49503
32248
14463
43084
49746
60883
66771
48914
10355
33804
36559
79126
27290
24653
71107
50866
11126
80295
44462
59694
77587
48174
23090
62181
71015
66023
72038
71697
25039
28579
97799
13154
16304
82465
30413
90523
22369
96576
23689
81622
52010
80038
26636
36361
51307
47350
94750
04085
47877
54613
03629
13598
05791
25029
70021
95693
58679
13809
61477
96751
10550
36149
63951
38141
88714
57802
84365
00002
77639
56190
40565
16061
11872
06568
46772
82107
50585
04453
10188
91421
12163
58065
18126
86551
10696
78333
82350
26162
41351
97445
06817
53620
30892
97086
11949
81706
87994
56597
23391
04903
21792
61802
54730
09001
94558
28790
63217
47264
76709
80779
17505
07540
06897
41059
58647
60305
57963
32758
52649
41222
12649
41743
37498
03443
84576
81544
69825
94834
69032
91683
54123
32098
99725
69354
08901
62648
40291
64777
49642
93609
57380
35124
36105
04901
78970
82950
71265
28125
74794
18097
57568
58258
94094
61216
39434
80670
89493
85472
14835
63425
50025
01986
31827
74326
92501
24819
85552
59598
20972
74519
90691
56709
03329
37680
93243
03240
23694
05970
03456
70085
16636
05305
20686
14499
66950
18513
57444
41154
97099
75253
28815
15902
57096
92848
29849
79140
82358
77431
77787
09232
13376
46551
88740
55681
49642
80050
56766
21411
21283
74564
71342
55884
94469
81092
52978
59499
97443
54564
29300
46862
15728
65302
65860
43192
39384
24397
11930
82714
62576
49781
50369
45558
38792
55628
79098
63091
85962
79703
46710
88363
67425
80941
60347
63276
71620
79800
06021
29861
29281
74765
36010
30384
13608
26834
90155
48704
78314
86548
99620
01193
22127
61391
07644
23979
98555
62794
19874
71386
97906
23612
68953
70008
67949
01695
66850
96456
66835
84635
41926
51837
34866
24275
03343
51920
79419
03786
35625
25684
00293
50088
80652
74179
04652
58391
28734
01038
87218
25401
34481
15314
62418
72111
92863
53806
45426
60806
51099
64405
91612
39621
36903
82415
18008
82485
33728
15133
59294
51327
27850
12670
31833
45179
77043
40824
69484
36595
57473
13271
72456
11576
12853
58274
89517
39487
90295
70574
11334
20510
74273
70251
87798
82124
60964
38546
34811
05124
38499
78101
95981
82274
08738
81023
75076
64945
54522
58817
01334
66802
34426
78902
37260
23456
71339
64402
11237
41767
73618
28111
21333
99387
52297
66694
61428
18938
25924
48566
07242
97004
80996
21328
07123
71211
10082
77598
28804
39129
42848
40156
38847
81237
37806
56631
78946
48874
88452
01219
52322
08787
82032
19577
42552
43024
10320
22594
07827
50708
70532
96567
40151
34689
37512
11419
54730
45967
68406
72034
32840
68023
14598
61470
35122
21121
88624
08917
95788
29292
89393
87419
80222
13408
52678
60361
41506
74106
38069
52913
01848
86179
66537
22705
86635
12464
22488
56918
99211
26462
55837
12716
75052
51582
77935
24169
95443
62585
19075
68760
32490
15384
37104
95339
88518
55960
25777
20175
91948
38865
14823
24351
64339
94635
65562
33039
46193
21933
19180
36174
61348
12402
13795
15523
78788
61765
70646
64397
89609
50658
51516
94647
09207
38105
84081
16475
47036
72067
25951
13937
64692
37794
78149
12451
93212
50935
04628
21894
91792
45141
25833
01030
22309
11422
25561
28239
45369
06999
17393
70144
48502
76587
39502
41297
83290
08885
00424
81584
55458
85391
44433
87001
26010
31901
35846
80680
49777
21478
64548
37426
58397
82768
01001
47369
62631
84515
44030
80675
16397
66787
58466
82412
30126
00919
91032
21069
13610
61928
41890
81969
44093
18029
08264
03484
91922
03332
03771
24885
01997
08838
49068
13159
94781
75603
79906
58441
09250
30769
97521
98647
87962
68413
66420
11183
43104
82945
89171
72313
59866
59736
04488
07139
81586
10192
08618
41700
10797
67643
77122
26289
18448
22423
34635
99227
06416
81600
17192
03972
26603
44968
45019
21405
51602
84586
78962
44441
15141
97657
71611
78811
94560
92225
22755
22620
04435
31028
02398
11767
43858
40704
44432
79076
58937
07676
06865
95015
65485
04995
66228
82358
16702
40912
34081
03539
65490
26469
08088
96534
38209
70958
42657
84076
08895
95479
93148
10625
81539
04345
49531
25042
42177
21831
39259
42604
76808
54807
75792
07472
84256
13055
48854
22004
99459
88269
90337
25715
34724
23957
30038
81003
58869
52525
33586
02056
57695
69305
85477
09431
09634
63930
40858
87572
98010
19348
33814
62229
07202
89014
02565
22676
88562
23528
42066
87327
49791
28259
86986
95062
95568
75738
41221
65150
09034
19373
71009
03089
80189
15413
85778
30988
07605
34041
14873
83130
14084
18830
75279
00963
22646
54192
97192
24850
96541
25950
80387
97551
60255
60994
29286
04824
89124
56203
06583
53745
61844
88336
16501
51181
92097
93213
22026
90516
56956
41844
15877
67749
74019
47759
91399
05972
44438
21621
69991
57326
41261
59897
01666
19151
28398
17253
85707
85244
28113
48755
60057
72570
62398
07882
99435
94067
23793
51334
03989
44729
33886
39556
32718
91590
93711
63729
04088
86277
21993
01853
46270
17680
86705
25215
32371
59997
04926
37456
54958
69636
13984
34456
01069
58021
17050
41437
30203
19042
79718
62183
17524
38723
04601
34085
29462
13257
54471
53550
52553
68875
62118
35406
17465
17780
51487
81680
58832
46694
72713
37312
30051
81344
53020
73779
48356
43020
89887
48964
67662
53095
01756
17750
77739
33870
15137
24256
40468
47935
53762
96631
53812
40498
63462
67167
41756
53408
42564
26437
80474
76350
75260
34381
82298
56486
47945
78638
67509
89036
60494
12082
62213
68609
50497
67052
89980
97539
11321
64145
33493
77988
29832
59733
75418
58203
54918
20855
65666
02542
37059
37918
92412
48649
81732
60124
50803
57371
41693
22086
60145
44481
52227
57950
52100
40547
51983
12108
92896
11776
63561
44881
46603
98796
43894
89901
42050
15183
45627
16273
65252
15944
79534
23682
14708
97831
27551
57301
43526
98577
59478
60723
79748
51075
43360
63512
53234
17356
96145
90821
02677
52384
55800
36010
59736
92527
01305
58315
56769
60785
84006
38567
63228
31866
87375
73704
12419
59837
11924
70178
20310
10637
49152
01011
82089
54874
15113
16269
89951
64480
00986
56548
01945
37054
65098
50989
57179
29332
43866
16749
23939
25414
10284
30304
73013
00958
82324
72313
22728
45644
79262
80870
35400
53770
38899
94824
42639
26209
60781
92088
80110
90366
08767
08672
15739
62258
36537
12147
38185
98186
00216
38828
76580
89167
39921
23743
48434
72947
28782
30940
53957
39966
25035
36459
09163
58692
23102
07031
81294
67098
56270
03881
40795
84631
49320
12329
30836
44981
03453
11641
56194
80260
30892
44165
66157
93865
97505
29433
92123
57316
08772
70712
74260
39930
07255
31533
24986
47105
34771
54272
93139
06076
25023
91474
49765
01704
16646
61870
51970
82610
48710
68938
06696
92221
30866
27480
97422
54042
41627
49164
55270
67689
71505
55170
14407
14130
31832
97002
94860
27463
39595
34066
79123
97714
71192
59585
34901
52440
43055
63427
99061
32943
83865
63591
26692
36362
77127
57474
64056
81887
81287
26912
54640
28897
31966
68872
05814
42907
94959
07558
24121
15229
55333
78468
08174
26269
26323
71864
14295
49775
67000
11706
12184
94755
43517
41474
90950
65777
45892
16849
22820
13532
21774
93956
34238
67416
05085
69950
91792
26667
45552
41409
96927
77789
97996
35628
37965
13737
17769
77894
15881
27061
26525
66490
20194
02935
07371
99304
59114
01551
12706
40001
49273
05479
57071
15755
18857
16359
16444
77069
81814
90454
77815
55367
15468
17612
55085
80333
39673
00931
60133
29147
89109
39325
75728
02659
34437
70463
89514
98485
87385
11105
00361
01551
12449
25315
22362
16622
69713
85116
12120
98924
64606
54411
66642
15084
00924
25208
28945
31429
91769
83122
70110
25314
54622
46613
32167
34741
80894
86338
43409
78147
17800
15914
67116
08152
46063
07540
65837
22228
90116
05542
74034
58312
19881
63560
00878
07369
37290
44903
92225
68266
25113
98420
11600
89532
60739
92257
28095
30949
71479
00810
93704
39941
01897
02142
32533
80958
52086
87622
31316
88458
16177
50426
96325
72527
58034
23515
89168
69556
53266
05784
58452
36268
09923
41530
93897
40101
08206
64340
90824
12222
27064
84112
62254
00034
96026
48857
69319
09686
71003
27832
24903
77767
78124
69457
29070
46494
94100
64075
69570
43982
77433
08346
49585
62275
12364
76953
19920
63435
26597
89546
33752
23675
97769
42986
98757
91343
31598
99813
42021
41453
70303
21167
48046
70071
47167
53000
30535
95532
91145
17741
00795
61578
75855
36124
98113
12314
99858
30185
54559
18187
22772
75778
46247
59151
25256
84235
25778
75110
24580
09646
09770
58612
01382
69822
27287
61400
41364
25329
30442
03693
97006
57708
20994
30680
98217
73745
18989
20872
54465
54768
39448
76526
30914
43984
76522
68639
81300
53825
98848
16783
03948
60034
34946
02631
62959
02449
77320
30917
35263
26360
05557
94410
45744
81976
27686
35889
37352
76900
13555
80182
86571
96949
03664
14424
04673
58210
80246
04286
51270
03615
72505
83578
17684
86526
38875
52597
15607
82129
89592
76952
49620
62086
40777
15428
43182
86519
91618
04113
24719
97869
65328
00647
91193
93907
64116
17302
91857
76074
87484
33196
54849
40650
33909
75117
59405
09531
02416
12061
28113
91611
12825
02137
52322
06860
93080
13048
50745
92853
82671
88657
78188
81403
93118
60489
75129
20793
39100
47080
51522
68623
51492
72569
04592
17151
56983
18964
09608
91773
78672
98957
54695
55228
58987
78459
01542
60403
45732
89430
84207
73006
47718
05893
94516
29071
85099
72538
23128
69917
33385
59539
94535
30101
22861
57489
92847
85620
46397
19183
52067
51675
00345
74362
16837
70815
59219
94247
27351
08687
32286
05773
05661
65009
37242
26473
70978
15524
03604
72083
93278
16982
00085
07139
40153
61336
68328
91735
35867
75111
42609
13187
65827
40560
67192
88661
74087
76334
41541
32972
12116
28991
00748
15996
78512
16790
25417
90204
43613
33986
73809
63143
97984
04522
31303
28276
10262
74444
10627
84875
39965
11849
55800
26242
14540
03871
97814
44243
24930
49956
23548
50911
38255
21400
51304
25926
76970
95585
44638
12516
10172
33313
81265
77245
32297
60834
17783
15657
48730
97118
45674
71319
97186
67570
09538
29327
04688
01697
55373
31327
90656
32547
93061
02708
89084
16397
43909
17625
78660
83877
60708
04058
90757
99155
07315
45147
04893
60138
03659
96016
66053
15749
89817
70412
77367
56928
60317
14467
30911
99268
52132
92363
49324
34420
91185
33748
08792
95705
11098
88411
80577
62545
16456
61244
82666
59891
59838
20920
57095
46656
93962
26731
36472
55489
00432
30270
79513
23757
63609
59228
67362
19867
45748
15473
46921
06844
22865
77302
05908
48999
71350
02411
02632
05933
19816
73175
04361
60537
18648
56044
70688
03278
28382
45129
29648
90554
43896
64796
10848
31223
63063
96939
48915
70940
17900
30702
34233
55566
00616
43840
59053
53445
02916
53196
13942
54296
26971
74612
41791
46443
24500
25341
28089
92275
54213
84390
22931
39734
50161
05008
81081
46692
17913
31977
37917
10753
91086
02188
93777
04789
83662
76316
18811
74639
31561
49532
86238
00057
47676
39524
72770
30091
29985
77998
65892
71860
65496
76271
26437
40559
55609
79160
21943
18041
35325
67631
87751
00403
71013
21895
43087
90362
44972
47865
75543
45977
52295
01285
58095
52670
12885
11305
78687
42390
01141
38319
71947
90678
60921
64068
21316
98136
88460
16141
45909
29061
39512
52310
57794
13861
23237
16829
92124
12754
76599
11070
13702
35241
55266
08764
67766
54442
73781
21479
78720
17806
02775
09512
46306
04150
30600
97732
09489
45375
99014
17526
40151
16183
72165
70931
17561
74706
73247
79801
30920
04394
81850
55730
06244
43411
96144
43267
54907
20988
43533
52627
15569
17242
91621
66623
10046
88349
19809
32711
01819
75474
07386
94438
89025
74036
60443
34438
46124
68080
26119
06150
40758
63661
44825
42725
82827
27792
51347
03738
19667
50411
91288
07085
20972
36750
39825
89782
97332
35795
83095
07413
42979
18153
25481
87936
27176
18027
07018
07253
67823
26414
17643
18958
27015
19117
23613
20359
83414
68633
60827
34347
01348
20900
92092
88214
09786
82813
69038
81328
64400
75738
80351
55821
80539
52105
08683
57646
49049
42527
40198
00907
01624
23372
66002
96827
81448
41338
66799
79992
64600
99720
08921
00756
25562
09711
78814
31643
48550
50530
58990
94330
37181
53567
20152
61963
91198
11060
02897
53987
13969
82538
76762
35865
51863
41834
82293
85776
68088
98173
75478
96821
73747
38638
40847
06670
32790
01089
81016
02513
76197
74067
99070
23118
57718
63977
86583
39208
85832
55155
94142
83770
29446
57179
18291
69426
17962
85786
41935
21487
47952
16199
93051
01546
64766
24058
21756
00647
10812
91644
09294
63474
34825
30471
88973
34554
69145
69662
88630
07458
18261
42136
55216
60905
32217
46874
92459
92283
46923
68221
76294
96085
87829
59307
43882
22805
14503
62869
18501
96458
40003
72296
87351
74410
31410
19562
29585
18189
00915
86010
43390
75608
27043
62988
55435
26291
49683
53727
00959
80675
92886
01626
54418
62689
18668
70970
21949
98014
29614
11752
46160
08921
74084
94547
28354
80067
36568
10958
24716
49394
40466
80440
71805
91659
41147
28429
93855
46592
64113
06791
06701
64928
23000
44875
60275
93768
56039
67149
36344
84810
22595
43124
51858
47908
37962
56567
81678
39593
38172
73585
09350
88292
21348
87145
68864
18065
97375
99986
75530
69906
16914
10848
97786
76328
22513
60610
17097
01885
18915
97007
75765
48671
34733
63621
14677
08899
58601
02307
23723
73343
54466
52555
86133
80498
24583
21631
32994
48485
90198
60945
99267
28040
12460
25643
16272
14121
52950
38982
80700
66450
01012
90442
97435
56110
24750
39033
13408
70735
48235
15174
04559
06356
21498
50854
17045
10821
37877
86711
21249
47828
35749
83530
80075
84072
59640
62721
53931
27557
59618
50627
18412
80366
00511
18417
13523
12709
14757
99701
56072
81218
23794
70094
09794
64355
11526
26466
96425
86859
43147
40899
40207
58894
26991
47984
09259
30042
58832
67944
95851
04757
19632
75271
72698
70012
43123
54319
71260
96063
17980
42159
05661
03675
66429
88216
05378
87955
80648
70300
14256
84503
88368
41249
71904
95130
60890
68732
04997
28791
21246
79442
25410
70978
22592
76244
77650
17323
07467
19168
09502
14005
11041
93027
91993
76732
10652
70162
73650
10853
33018
56579
03212
28828
94115
07347
07780
04506
14112
49114
16620
84684
25028
27336
22088
81484
73293
67539
61368
75653
63897
67231
26187
08582
67397
34328
92870
28581
27905
60675
11461
58802
84976
17802
55929
67716
86609
34907
84562
89771
42848
79655
28679
41710
95388
31950
23233
70037
96669
55724
23314
50060
42484
25571
63770
13159
85004
68582
45486
07444
33245
76824
02749
42633
02624
69238
53939
36283
81648
01589
36637
25674
86172
34140
26865
77651
67227
65209
78158
46666
75424
56675
32677
75074
27218
27159
80739
54159
22627
21396
99353
46475
41575
03270
19734
23253
16766
34753
55008
43341
59159
68034
25512
01343
72757
62344
36482
94372
24311
46504
68536
99327
44619
36776
00656
46373
96760
09758
97829
34056
85507
44426
51966
68621
32271
73548
01612
58326
07918
77395
99691
54583
78673
30186
27376
27735
94749
70231
17726
37518
76758
99085
62137
05478
41533
17450
56269
64475
91396
60924
40774
70404
77086
37180
84077
38071
82651
23560
77974
62678
36679
59194
05718
77791
29651
45277
09366
73917
49409
59785
57241
29162
77349
92917
72224
02569
50221
65039
97118
80764
50905
23668
75571
91482
70913
21503
96550
93729
13816
72063
80460
51168
41216
90156
79583
79824
96831
81525
94913
24471
30977
90492
94892
31783
89809
96919
63628
19273
14888
47504
21027
08063
39234
91035
11660
00521
21419
35439
80984
40971
87348
69119
40102
39091
62022
18625
93844
92699
35167
54901
73319
14406
42153
38712
29843
50165
16399
35041
38570
36002
76421
84769
98463
20362
78410
47441
15412
41383
09911
56502
70460
42302
58053
80223
74553
76122
08666
60201
14895
65214
69763
72140
28183
04425
39880
79324
55279
62612
17545
13322
70662
44702
33079
57691
43423
78099
71189
84635
97075
51563
98241
50579
97574
24266
44630
15242
73861
88302
46091
51211
24374
02723
30666
86092
02064
14441
93166
08053
73823
80041
44224
61716
14758
81567
73570
89247
60723
58530
42867
63145
44136
27234
68891
48903
67582
69353
19484
82740
68860
51424
76887
29045
15546
12684
04478
70751
96699
41045
57150
36603
05834
40098
17278
16173
33304
52487
00400
34464
72947
46828
81802
52771
46820
77467
83989
71933
56192
72489
75009
98871
14309
17419
77844
57479
99064
45423
87383
01817
63139
04493
99174
32852
37796
56319
50331
97300
76319
90977
90559
52950
15506
90139
05656
16811
26301
24186
00269
08051
90589
00251
88047
83699
94756
71942
34908
38713
95357
50595
44684
65745
15376
34148
57193
18072
59740
96675
41459
67546
23777
79521
44457
26337
67729
86680
59996
22302
03150
78194
15259
45962
27599
58536
18130
30995
65912
50246
59342
63531
44781
57776
39992
81327
23773
90119
05867
51132
14242
70081
74840
36561
77777
63214
73378
48876
61580
30503
76381
33129
49492
88583
46114
56908
95816
14386
07098
36121
31099
42318
36045
37396
19047
44223
23820
46306
26990
39681
66020
83042
28017
98401
85363
97965
17644
49252
13156
94033
44603
37890
30692
21627
62152
18466
74101
61968
73957
96691
63195
40661
89762
58225
77894
20251
31370
93123
93688
55350
01515
73264
51625
29437
63011
97239
25382
46773
52026
01152
74236
45948
72349
01733
63837
78379
41615
48013
10416
06340
10151
92249
80657
12378
60815
63070
90632
67477
66289
46259
78932
25653
20038
72854
91276
46569
01022
88531
79985
33318
95057
51751
78080
78982
74916
34262
71297
17638
43191
12631
56169
41655
45725
38140
98270
74443
76046
12857
09913
47536
91013
33330
52259
13129
46127
38664
33357
29372
38561
35647
99868
96542
95038
32764
20256
53718
49439
74372
36754
81988
73928
39188
57248
00509
22112
05527
47602
96696
41240
20355
01913
98498
85172
73298
18611
31353
59523
56182
55183
20396
72438
48418
52604
72344
41832
14292
89577
90794
14895
47603
11825
59203
24081
12642
65793
58761
36735
55783
39305
01205
10282
14193
17584
10585
79755
57379
62693
62999
47093
04029
82139
50378
85766
36568
52763
00403
75074
14413
66012
12897
86751
79946
88128
48977
21555
59041
19694
49427
75551
37160
99533
89318
85459
38527
79379
00993
19784
53390
83478
02510
00971
81112
18032
97998
55093
17447
16915
86853
46059
44624
44782
48633
04668
24479
42419
72106
78516
40040
00447
78089
57586
11960
60806
25221
03935
06992
59772
97990
88945
07152
11801
30047
69545
27736
09496
79544
55916
42556
73589
70960
00089
91876
30831
41198
47401
68421
59981
81942
58946
23286
93762
43380
68685
61174
44631
51767
20895
08414
81614
00075
09495
60612
31818
68758
73915
89480
54132
88941
88902
28795
05507
10710
08356
45117
35939
38115
85581
34995
72432
19858
54325
27607
61600
64816
96626
56273
79750
01385
92706
51813
83634
85959
60239
26513
71336
56383
28045
11034
37353
72738
25489
93497
01796
43803
26311
01147
12542
57018
23648
25140
18591
39314
52089
16664
18459
96504
03771
87702
31555
49528
11898
35995
30064
91856
09025
93362
72351
77120
63005
09653
97125
75525
76861
90936
16394
78539
49775
66917
59756
66709
01158
53780
25090
39383
14613
71930
83300
59487
10576
90283
58624
02041
92109
34266
09262
33072
72906
11171
22650
52313
89452
46580
89677
32781
36100
91432
32937
41152
40335
29135
04975
53730
13635
76504
66398
88260
76592
40522
42786
36503
07264
02355
42825
39499
91923
14507
59586
95973
75572
80966
14808
32889
15601
33538
82388
18009
21694
21650
68587
77605
59427
10277
59022
45264
63958
07168
72797
31527
84419
91102
34543
79087
43653
19518
29900
09889
20015
46673
34970
13587
55157
27288
92885
45648
84752
90946
51980
10424
10177
84250
68742
42141
58377
09466
60994
17643
08254
82406
60005
67156
15740
47183
94476
51770
28279
77621
81606
48868
23898
01256
02936
53774
12339
78238
36705
86268
36334
61698
00922
15229
57356
70393
27954
31191
30840
60382
43503
00433
24021
46362
09631
51065
31331
08002
58634
82748
55890
30204
52353
74762
29016
63753
37537
57698
35855
35020
69520
40116
18053
69243
37947
20378
36063
64141
85877
23045
53909
39108
30609
43070
61753
95215
14041
13726
50273
05338
64272
07558
61897
09507
99383
33974
77936
79843
02368
60784
60597
82833
70186
12968
50764
76186
52165
67358
46464
56434
76581
61507
34055
59749
14126
77216
68594
24866
18302
63203
07001
56587
93957
29371
78310
18757
34847
08610
84938
81773
95019
03841
72760
21905
12462
06641
23212
45190
74628
97662
53088
40821
05005
24500
75665
45619
82866
18597
26270
10075
23739
46611
81894
86366
76567
14114
14790
39828
93449
70486
78905
24594
68480
88903
14437
19554
23581
77920
05146
52345
50730
24505
13478
37456
68591
45820
74944
32085
26655
01460
93623
90296
32508
94944
48788
24665
35731
19224
50514
65497
89449
81281
51672
72159
64690
35329
47254
83855
63544
57480
65437
90747
33956
66641
98367
92234
57302
15403
66605
21183
28944
46311
48984
14191
60369
72051
01231
64971
34367
56681
81654
92000
48766
65819
27135
21764
55441
65662
02916
36302
30236
18100
45346
68932
16574
84956
97761
90918
88053
00966
53336
83414
80233
51029
69136
33807
26260
52927
45660
28281
59917
13271
41736
08337
39471
82670
54132
03846
38464
33745
49639
43905
25697
92269
19431
78859
63194
76012
86793
85932
31045
86276
11335
85360
39370
70721
74971
32921
93472
49654
56077
59448
02742
18135
81538
10743
51892
81184
57562
91226
39318
31420
40036
75924
00728
65571
20726
32894
23656
47216
17126
82987
40536
34139
50337
06232
42752
80973
56488
90982
81459
87882
64393
23087
89747
77651
95065
53298
54276
20379
36125
71187
80136
96599
17684
77382
27713
74185
75451
56268
38888
08997
49093
56136
94828
47917
01868
71122
11022
87267
23301
33639
19469
56151
16604
38871
43615
35554
71481
70112
55750
22262
53027
29895
00860
11100
97447
12229
88138
57364
98202
45564
21978
00735
45663
75129
83408
60349
49363
77508
04749
00081
54623
14116
16728
18203
17546
81787
80118
69888
11951
13167
88331
28365
02149
56876
83892
06016
41114
64568
31203
42108
04799
00724
07948
12722
92806
97525
62880
47410
77105
49933
83547
46565
92367
89703
38379
07583
05619
55877
55675
54352
48734
30709
02023
30391
51783
61180
62073
65162
82433
15265
43041
72430
17792
92805
23261
92841
18802
89439
68645
84878
82072
23776
34615
20851
61137
58123
09398
92510
11839
67882
01892
05951
41416
27425
45459
19224
30613
65012
23181
33634
45854
71391
60345
32011
45700
37004
77458
22252
84476
74973
53459
98611
48081
89536
06360
70638
47608
84979
51052
85861
83768
85848
32117
53215
20615
99365
19377
13105
59296
03539
33409
82425
48989
16250
41710
08154
53724
02329
89362
74948
59590
49197
95041
36281
45896
81943
02767
86454
78647
64752
14388
83561
30200
42283
68436
56124
43307
02009
89318
46175
65626
20540
56436
01464
43724
49551
76035
77608
06110
76234
91497
16915
85661
12955
20504
18752
66835
87168
32138
41309
93358
24408
56523
25723
61210
16363
83507
98097
85479
29218
70239
47980
27115
82123
01136
36356
68355
17460
34839
97041
60802
43382
32040
33258
74336
43109
87296
89171
60473
62702
09816
16828
02837
65691
28442
46958
41266
04049
86871
58471
94517
53809
02705
98610
56576
36986
89054
41328
10648
26634
25527
26326
13017
50541
50330
32161
89782
56861
63701
24862
89897
97811
52939
52124
06115
34424
49939
25261
45905
19939
28152
01731
05927
18937
77518
62258
70629
86594
14815
35576
80213
02925
96897
33311
14738
32400
59212
95188
78099
16830
23923
38391
20940
95445
64945
37677
46612
48735
17822
26717
38265
38795
71844
50677
11502
23393
77837
07244
42464
00713
54374
11502
53231
34005
18838
04615
63288
80314
87462
40122
93075
72307
30903
22823
37083
45482
00285
72827
19543
55479
84352
06800
16715
14943
85495
97098
06829
46081
24131
50017
31527
61871
23327
84849
06277
05236
45892
82494
11511
84550
71940
15632
52263
66519
34639
67461
83438
41671
45747
22670
74231
92180
97589
41669
67897
27238
47331
65596
12081
22281
66712
11674
96883
95486
29518
44628
23550
77119
54964
22690
20728
99504
58818
47306
10891
77191
94070
79893
26926
45739
84123
17543
45710
82254
59214
39382
05190
34605
99394
40336
40855
96487
36199
18008
46538
35392
38611
02249
87511
40532
22010
09341
31919
59758
63834
57529
17030
71896
01637
54827
50337
15354
86422
21153
77629
63050
32408
79415
59732
26260
05964
21234
71525
38789
68705
35339
20605
47500
39687
57394
95826
30624
96055
84625
81390
56185
82434
59858
02568
18167
71453
68015
48152
09512
02597
53956
02734
21955
49583
58769
57180
54003
61905
39299
26702
56622
81152
62435
80652
02156
23537
97013
04788
70137
65788
48184
86805
44608
81815
78776
23124
65001
07483
26207
16091
79440
22084
64524
34508
67796
01113
41537
77825
94916
91572
51075
18064
10019
93045
49870
01516
33212
47418
39727
35008
54425
33203
03988
80688
45655
01477
41088
15579
65272
23574
73951
44737
87698
27820
61485
80367
83140
60276
54367
69553
54790
76273
47298
56162
23324
86230
70841
69666
50962
01991
22429
89701
87244
85839
91944
65805
36679
26792
00694
88042
97616
59603
88188
17084
35528
68052
37054
53556
87644
41575
73335
97831
21318
32396
80765
48853
05798
93727
21272
27856
90685
35328
46589
78579
65980
20409
88317
34223
13938
43565
53861
27258
94937
47715
15497
57076
17138
25840
84179
54588
82171
97722
17778
11005
05143
53595
98816
52680
99138
69184
85846
91040
78333
51514
26965
43141
02274
71977
16627
05999
49802
67499
65182
63043
53674
09768
64064
80884
31272
62211
25459
31102
88984
26454
27308
63594
60103
15990
68799
87170
07686
45167
10997
62260
45263
99493
12689
36703
50328
28473
45837
36399
73168
25571
12776
35682
13954
82204
03924
86343
35455
14060
25829
72828
84276
99499
72613
93708
87500
87135
15864
81142
61022
59129
37663
27806
98697
92094
45069
73840
96039
46661
35757
13956
26992
60465
42701
30552
63722
81918
86685
13921
81007
94997
74732
39582
10986
59901
84929
68306
55022
38239
25349
79574
26683
77411
42378
45159
12089
37668
17748
12461
64369
77714
75574
94062
98926
83102
04677
22801
82704
61645
01506
10558
60835
52195
18398
88516
70374
68489
60098
24941
61464
59608
67520
80032
45788
74475
45848
42802
22349
14686
51086
21160
83579
87559
88681
82831
03124
44714
66358
08048
59530
89614
64209
37987
47030
98069
09337
02950
65112
24940
85426
55644
59626
65602
08872
79042
78332
50214
14010
64148
10571
23923
94957
44898
91010
79542
93648
63276
24570
72204
65981
58539
47553
67097
60646
49440
15802
46625
88586
16528
04994
19770
26948
49918
65340
77292
83233
17311
66194
59643
48570
73995
30497
28178
93817
02813
42554
42374
32598
73543
42817
58454
88894
29015
47081
43712
16568
15034
47820
54235
92147
21779
90260
48267
27865
73230
23689
10530
01503
38056
68055
57649
15313
87835
34646
55604
26408
37747
69900
93870
57605
75621
96355
59641
69479
30169
22623
21947
47948
89972
91630
98222
25957
71523
26265
11485
70166
36400
16795
78846
74973
99435
13613
05692
91484
68347
91693
72884
67941
37338
38011
42661
69451
92973
83427
66732
92745
69112
09578
98364
45380
60307
25910
64438
08167
85291
02803
03595
07705
78061
86930
02998
86480
59779
67071
77884
01951
13700
04516
68461
42001
47070
32896
50641
83256
77123
46932
00644
89824
57092
15898
63599
38497
02949
07621
71256
72249
69529
61409
75572
32385
96710
87672
33742
78926
54074
56905
83780
23213
42057
67800
95033
60431
12256
26800
27922
12371
55520
98883
39056
28237
12186
74797
74451
49573
39298
09839
78304
31524
94568
72961
62411
64006
54335
33482
56789
62588
95407
12673
38512
29786
08573
28870
38835
07932
33808
12404
27044
57772
73252
04004
74364
51381
64824
27877
22243
47575
30318
72234
09831
49833
95693
63257
55861
37935
89585
72125
29754
42809
61881
89521
63984
68499
59215
36061
67435
36090
09179
36804
31511
63360
35627
25024
34575
86363
59113
69842
86482
90658
66121
04482
97515
63825
32138
82849
48180
88231
94137
05094
24588
12856
97951
29377
03790
75957
22000
05074
55574
14690
81660
91566
04146
31669
97118
91659
59549
23372
20131
95894
31630
08604
10089
95860
18939
20299
76000
92965
05224
72630
79223
52587
98945
11023
79838
86619
23131
11139
72592
36771
12672
19299
36236
08837
31803
47091
76735
46806
48011
63419
19237
95604
10136
62096
79081
87962
02572
31825
18120
53670
81163
05845
13851
29776
95749
11377
64174
90503
84894
95061
48260
27500
80719
40265
77873
41890
34773
70624
24090
04280
15435
15731
03287
35585
66333
20499
70684
55207
02610
88723
39188
13162
63563
22480
08898
03707
68321
10591
53048
38274
92067
78767
98415
73426
84308
88212
30539
12762
49081
38703
31350
10419
86216
99888
10310
46845
36603
19375
30735
50925
29216
90096
24927
24799
59172
59939
98774
89427
48511
03563
30818
45190
17994
62633
94918
23663
12065
46858
39123
06952
30641
75091
74905
51943
13250
15512
09350
85340
82338
39652
34568
11690
90032
85728
64271
87708
12423
32351
67924
46689
62844
70997
74154
29654
05088
67852
75193
56989
39629
80792
40708
29904
70008
63205
90550
01902
51301
18567
84423
00983
65431
20274
57420
14036
46554
28357
82960
01827
29860
20535
44183
18290
62589
67188
74257
85786
97605
12255
50232
18423
90512
20547
47737
42697
25807
25089
78739
66583
77854
60871
53550
77609
73081
30477
55117
59767
04681
56632
68837
14312
58261
52036
11636
28736
45654
56003
16739
22091
83698
53929
81053
61893
15226
40613
33948
32563
70166
71647
75997
09328
39836
33409
66956
17352
37799
86572
14984
82007
03277
73780
37015
05607
69279
31411
90252
34909
87593
04180
81140
31589
48728
04631
76320
03558
15827
87141
36986
63254
27705
14574
63532
20735
08117
73566
39475
07407
16866
43990
15419
16250
47190
00800
07507
65496
98781
86911
55325
04470
73219
81702
01886
64314
70226
04881
15363
24069
40765
88398
30429
63944
81486
06034
84721
17127
69421
36725
97030
36427
56040
44775
41785
35740
20155
08560
77660
02274
35562
01107
06451
22947
11090
15450
27757
81485
18710
62858
37080
18218
83788
35827
31559
81380
95927
74488
18701
84367
08997
68165
66218
11231
29064
29803
77391
19370
43382
28777
48141
60249
16583
35815
06055
38148
00740
85454
19452
00202
14226
88744
15256
93281
67271
64826
10333
20073
79395
26542
43922
59376
25490
44863
15398
58523
40397
71113
32220
32398
91361
65454
37522
30290
66250
57740
12976
79530
41383
84673
29381
43842
72337
72344
14879
06063
36235
70927
40283
05295
98084
88489
99591
04403
85129
99634
82308
45355
60183
58980
70084
48940
09518
61008
78184
86227
35364
60505
01292
20937
14744
72853
96379
16529
04753
37889
72961
34982
63697
04557
30427
95225
61264
83689
71503
77123
66095
37619
40990
81168
57024
54542
48396
83792
26931
42512
63997
53438
60726
28693
07097
16120
23724
45979
20745
02465
68895
33053
18063
05231
72619
74230
56773
09244
84055
39369
47782
47728
83503
72098
19941
41418
15821
53566
16354
58397
36788
90531
68347
44135
26968
55041
09616
96761
64933
82340
15760
40634
47954
09293
43247
15230
42286
54006
61333
05427
08262
27980
58874
09296
87929
32556
61921
54504
31954
25326
54912
70479
15005
09087
86113
76855
95310
62520
70198
27276
51101
05180
27604
29883
92042
82802
11669
30261
93308
12399
21362
95160
26017
27494
78041
64701
75576
34321
76734
08059
75830
80249
44421
63946
03795
90521
22823
98906
89442
91468
39957
25806
01127
12521
61680
34660
11279
05353
45110
09484
60195
77218
87918
49836
48594
80430
65911
84522
72296
90585
88302
11256
52706
81244
78740
76149
54264
42716
01075
05107
68502
88755
80181
79005
50443
09908
97325
32050
46824
16271
46360
39120
74852
13114
58240
51985
61145
27463
69331
42446
75801
86341
76870
08635
67071
53673
11088
69320
08659
86663
57874
31380
26980
50885
57910
57253
48509
38177
19856
27537
24050
20238
48164
57897
73991
53324
47571
67679
60484
31668
48482
53294
18787
36845
24353
24091
29491
81837
11382
89919
74642
31731
81573
93327
25324
33253
70811
91662
07975
14721
91911
55565
93302
99089
22646
61464
23501
77343
80780
04219
97771
20280
43364
66890
89968
68840
75501
10319
36008
94579
60553
85863
57597
48168
46345
09897
86608
22955
68033
11241
47654
71869
69272
00322
15944
91523
15376
39478
18898
98336
58269
68409
93412
48609
20922
22445
60116
22273
69202
89225
72453
50295
60268
21519
71933
14405
23935
79251
19262
85332
62480
14386
94863
24183
75162
58791
70507
84822
55718
39883
19556
50318
86243
44875
77768
25228
14309
44478
07438
04715
39886
92250
55353
48000
75908
10785
20444
28010
83039
12183
64444
49616
21041
46467
24202
35829
82487
41454
04637
73363
46758
36971
68969
62566
99287
01070
81176
12408
76273
52739
84687
99389
24057
29032
85581
12499
16960
65727
15753
94962
86102
67174
56870
39842
99382
54934
89914
58486
11585
18512
14827
97942
64739
17573
91087
18975
50059
47840
27412
84554
33103
60808
45580
19958
99536
42371
82667
29806
80888
86639
91112
87688
59275
88640
58582
33499
55106
20605
66904
46196
69405
20902
21665
06843
56170
19695
35103
04578
24298
76256
07519
90998
27280
11215
95851
60870
28600
03116
32570
07658
60087
63409
27023
62848
52740
50257
59102
42182
65477
92768
72194
06993
80863
60478
80732
31855
55356
27137
87067
47977
62543
83523
64444
87145
23921
10843
59951
91733
83855
05241
15917
07575
92626
90418
01797
48097
18594
09898
44546
40997
42484
74068
42304
79192
28331
50411
25326
23337
01758
69814
20487
30139
47182
86955
92296
03300
55373
91067
32631
98086
78919
56862
39262
47200
27932
82940
63998
62820
45587
14362
81372
25416
43804
29718
66413
48342
63809
01013
82200
97870
69663
52407
90466
70744
70030
80962
78052
04498
06690
28119
61061
40669
59144
31896
82646
23088
63120
61734
11834
23048
92959
40065
03045
25615
61801
50554
47849
33514
38575
01541
96032
21253
94148
31822
78401
65675
62225
84607
41218
10966
45596
76722
12191
96909
00205
56514
26415
88925
25875
69116
58609
62639
21170
97788
99182
85011
02718
73616
32573
86652
08512
95360
31566
49385
11879
35396
27255
26607
92605
87989
27175
44585
91234
30674
05552
95207
40010
30035
87767
09151
59466
80824
29546
21497
91412
40920
38509
64796
04923
36881
21751
75166
56448
87829
96598
54978
31785
60660
06253
33563
75301
11410
90306
27602
84842
06693
17220
49729
99350
23093
03377
09997
57321
73458
89927
41238
08763
28029
79345
79306
26878
68042
48444
65958
56420
44823
95840
76324
69068
61246
07702
19816
62108
12908
44811
14809
87620
51723
51219
71196
36215
27269
86315
89533
38935
88159
73496
76742
09253
39882
78722
12375
27516
84095
14089
32025
25629
37720
79014
71454
94731
17506
06031
99992
80679
19756
59208
24228
97421
93885
38143
87002
45620
37360
80973
21443
54419
12126
32507
26570
31049
76790
55235
38157
28823
61830
34948
05913
07223
55518
88498
39200
36866
58230
85628
72555
08557
81904
15666
78119
99932
09657
90070
97790
68548
25726
04457
82177
08781
94883
43470
07402
12014
25124
40840
81157
67664
64358
77239
42445
42617
19345
21578
41452
95013
49503
90975
35660
76296
22985
98206
19136
59218
87891
63489
96894
75874
03369
49125
58314
83770
70301
45599
34345
97291
29734
38316
22778
19530
84932
43233
97974
35986
27864
27002
70317
96311
01529
94792
70658
07154
97480
12374
29900
76339
74205
05233
39396
69405
00986
62246
23817
43437
64103
50583
15144
37726
88424
09807
13072
13884
94129
71567
04822
30265
21221
95162
12742
57976
90997
41311
67201
54257
84288
59392
01420
63956
38307
07463
26149
20213
94646
67820
31131
44897
86124
07331
63805
28273
05038
45580
68829
11378
79547
74963
10929
31065
81246
70424
06434
61403
72388
20684
52688
81421
39881
63594
93364
61539
63225
75097
12977
41214
30879
04673
64642
19268
94305
67294
86233
24675
79397
20428
55357
79861
93972
75138
18216
74003
01560
39669
95137
68574
02897
01335
76012
35592
05486
84749
50630
78303
78808
08544
61211
07346
67651
06067
64232
03687
47917
37927
00488
16973
23520
75279
60473
58886
28901
50314
73203
94769
53977
90862
43082
74613
80275
94373
97501
11453
21230
86908
64243
30236
21025
21214
58938
77605
52619
33861
81387
09032
27752
27947
64727
20345
64651
81172
94335
38207
46730
09494
88563
27390
46339
61182
76453
05896
10126
53475
10962
04890
09536
35977
10846
86884
47028
97319
18411
14164
63166
02165
12393
78970
44848
33878
68670
75296
61517
58351
02603
67502
70089
07271
95460
59163
33625
39673
03638
25311
72987
86924
28736
91747
58627
40354
13702
75080
88607
91282
36420
13965
59097
35419
24538
60295
46512
80251
21503
67667
87679
93946
86152
71615
51779
51471
82651
12685
91855
75397
80506
06477
94315
75875
26360
39084
74182
05950
44301
83249
31474
86903
36861
34988
54942
62303
80283
82895
03733
50222
10866
12170
52030
69185
07849
63884
10481
03327
89063
99951
66431
46614
05832
90379
95631
47068
42912
67269
52278
55213
25721
35916
76483
77400
44606
04348
32234
16624
42486
46475
14390
14326
68245
92674
73327
76508
50266
90888
14954
19763
59981
57992
16116
73463
58230
08655
29491
70756
42123
92436
49721
67590
50103
28400
14683
29034
97316
79860
83984
69223
61590
59542
94126
84347
39444
56672
80681
39785
78307
47999
67093
93888
66200
31939
38268
63215
62017
12469
97167
49691
45016
17638
18841
32389
33469
62530
31132
30565
95750
70392
56335
24359
61076
98956
18662
34443
43284
80690
06352
95068
79345
49319
90408
41816
68247
79117
15010
81457
02225
22226
53066
39350
07902
67857
44172
94420
00060
36423
66906
29258
02333
20381
43230
30934
32233
32388
59686
56848
56928
10423
45890
14689
92025
11638
48858
83683
72982
75801
58371
52168
40709
61443
03833
65152
83833
59711
83229
32486
30983
62106
23544
52278
78256
44343
13144
18125
32089
21516
96821
92541
05401
17401
49050
95086
30119
92155
89281
33518
83974
35060
72413
23256
52256
07741
77823
32683
07113
48756
58115
21358
24290
83514
58308
91444
05853
62564
93984
70071
26145
76769
55194
10634
44101
63564
70024
43999
42840
12135
77743
45735
18876
03548
88952
33724
96157
18903
95967
05188
61677
68121
63296
70844
23380
40283
15568
72825
42358
39811
33733
72350
43012
18582
81228
24582
30957
24596
38574
75281
69790
54828
37977
56293
89693
81808
95118
56165
48203
63692
73113
09410
09878
25817
76551
94829
35372
55486
92059
93913
08991
04628
30350
39722
23005
37905
91259
88567
06814
05052
89394
92302
83106
66318
40918
86540
93815
98775
27205
17713
01207
66891
24378
00553
81819
90490
13417
01996
71728
54200
69928
01090
18369
90747
36835
73373
09650
84660
42359
32690
02892
33771
33900
83215
45687
67842
30070
22798
56948
78859
44721
69782
65125
55926
09929
41924
26328
68104
05346
09740
07589
59825
61661
91756
56859
29063
73336
20262
50486
34315
73747
73366
96257
11561
19254
39331
89225
40824
82179
81018
68978
54009
04162
41459
27485
68764
84665
34386
79121
30532
57504
02784
64830
53828
29215
04915
95717
92400
03327
87700
51958
95364
58579
72986
82950
84486
38916
06072
98788
19817
65545
03584
83310
80695
18511
23704
26284
63053
30793
93088
86899
99949
32644
48183
49640
93987
44446
50661
28088
70148
20878
80936
57125
19101
11509
37338
13743
63291
14150
06250
16084
13896
09680
38152
74517
99932
04992
32355
33769
82270
21721
60547
64794
58059
86433
77794
90689
55036
13571
27937
39645
39263
58366
64912
33701
61701
16274
92953
90213
11919
02750
90202
40922
28474
98262
67707
08950
29313
11679
60062
88083
85726
83468
63332
52006
77560
04551
14287
85571
29265
47666
53496
07578
10552
06135
53804
14355
92512
89021
50294
38169
15398
87036
27230
61038
74131
03783
07365
39295
10670
16276
37132
63379
42170
26709
73894
07525
20514
77803
32878
05518
16978
18203
26152
95366
41560
45164
28224
79908
37823
45059
92744
05042
88686
14700
33443
47629
61184
46974
88195
27817
60955
59894
86713
42767
52675
96174
52380
00005
52786
02757
41593
42244
14582
52554
80840
83278
53153
70416
38733
99872
56424
12304
62644
86212
50492
88064
04313
57065
71271
37338
88489
18769
07673
46373
21205
87052
40793
33101
56522
80406
22876
31902
58467
38591
41645
87031
09769
28928
86121
01386
96562
26276
09008
26337
51551
36651
84449
55739
40551
85990
23804
07754
18415
09038
41553
54934
78159
09152
06271
75127
07370
07476
88822
93592
02725
90309
40788
44230
11256
78484
86786
22892
39047
96082
43117
02965
25830
56964
60808
40231
48061
20792
75792
93546
95311
14346
09427
51010
94152
22482
61059
21034
75468
08196
35315
47649
04336
53952
08208
64005
05113
29797
09455
88298
04600
40709
90652
56571
80521
69211
74538
05434
07143
33166
68448
28125
12827
11385
08980
05769
77958
20698
55005
65573
24947
43256
25013
83044
86508
95446
49782
95220
55681
47986
46634
99821
18927
77533
82416
18244
90620
82771
88856
23497
10291
74261
21916
33778
10237
84011
29075
81145
97803
61676
57874
08100
48910
33866
84103
31644
82213
02458
28561
80656
44782
63117
85734
34018
24978
72173
12423
13074
11441
67499
49616
09640
07937
05201
85830
32526
17174
93027
53368
15146
77496
25331
20175
60467
04454
62966
07987
73672
03010
95052
94141
14677
23894
84672
73801
84346
33668
90393
11721
49186
49027
63158
31201
99725
87396
56383
98307
40980
98353
04108
35143
41985
20715
19471
05826
90658
75123
03221
32562
88760
85610
18677
45771
53670
71942
82013
33126
09616
75321
61502
29487
20286
29175
23212
59726
90437
09612
77310
12051
27243
02338
25464
67266
46224
46434
12063
86965
98385
49229
98306
56518
10768
77177
99884
24361
17096
14816
20403
35013
89645
39572
67161
38554
35068
50972
89238
53211
52067
91996
66021
23357
48873
21914
93528
21535
66967
21124
68687
66947
77900
60772
41315
54099
22862
63027
01895
69744
20593
35626
55163
56991
80336
41833
40528
43867
36455
65444
15222
79550
93193
61359
93715
12789
96570
74090
65737
35915
63995
63446
89684
97134
01092
54308
16662
38194
72287
31641
93095
81821
11175
43405
88035
86509
59496
12932
26471
90158
99673
51553
15026
63419
67475
58746
36015
54563
78441
85405
50261
63508
37504
14934
47262
23039
50909
23766
71555
13788
08451
66610
82089
51536
84735
19523
28327
77818
56532
09651
16597
18671
44648
88952
85675
00959
09037
58135
17600
54888
09425
31965
14218
51647
95183
78264
38488
49769
35008
00591
65285
23902
54672
45470
69342
81772
71554
96139
95308
03963
95576
90155
80802
09866
40478
20447
97125
02651
63891
53414
19851
46787
72363
75638
94953
46754
22994
90884
88623
67076
89448
44110
22981
75322
55124
59199
06352
91117
94100
98545
49517
52901
43642
49814
70142
76886
22316
29666
16330
41731
05734
52585
74906
63699
76167
84495
08138
06320
57841
96810
73881
30413
14281
13335
39145
18349
02504
51115
24998
19633
38606
35466
48687
54454
40711
44355
17680
82792
34795
20774
01805
89632
29024
93477
39613
55892
92140
43833
57243
75126
54376
48768
38536
68029
85609
49471
74469
33667
50574
60271
47935
35376
85303
80912
09138
07101
07243
78972
57835
20826
22391
90271
20320
20205
13797
75320
83544
31848
12945
75247
12641
79761
65833
26254
55772
41699
77219
55796
57490
17287
11197
69893
75730
12031
79035
26941
66195
17231
00408
04035
84719
79721
39655
90206
18631
64548
61984
59863
15320
88104
96233
21481
83596
87829
24528
27029
26549
20776
02961
24674
14564
37524
58227
03123
46864
96833
09502
33211
74894
47122
27111
53814
69977
98284
39961
52851
30982
36972
41673
85008
06054
58818
86788
41590
85490
20179
42416
83670
32828
74990
49068
57835
31257
75658
29414
71051
58321
92176
29814
95151
22767
44062
34307
56331
46541
46140
32617
04019
28919
88636
05595
42009
79863
57730
63130
83345
22747
58289
26167
36365
54051
59288
62900
70977
47104
72565
28362
58791
05275
36420
36967
40535
33213
91179
95045
72434
98706
85785
06271
14352
44491
84207
71543
59708
63681
18629
80798
25849
54204
42758
08245
73506
20563
02970
84653
08271
16645
43876
27510
47299
37964
95849
66555
31799
72760
39024
04841
93194
67770
84192
98143
98820
17905
23044
97631
55051
81146
90834
80659
24574
35488
52923
13034
45974
99961
12835
09296
75409
99432
93690
40261
96038
17500
07977
98304
76414
63362
98314
51084
62730
95627
87663
79032
28166
42811
71092
95594
53217
06706
87354
25208
97854
99289
21837
19551
30824
19900
51221
37961
71692
12390
24609
66743
43488
36446
99794
07284
39743
62935
98200
60342
29798
28466
47383
23175
72945
33384
30577
35535
30882
01824
02393
56118
53110
92868
23301
83852
45895
48344
33961
15106
91730
43053
52369
66202
36104
64510
57373
44644
64140
40084
92672
57199
40403
78079
12758
95324
54627
55932
07796
00508
56025
45023
94547
73435
26388
85393
27699
69627
05417
03937
96991
42414
41604
23105
56411
14172
04952
66466
03909
88805
55966
96762
89017
71583
55991
76444
50712
49591
78820
99874
39119
08242
49594
24748
33233
34473
09499
54824
29074
78659
94030
56451
56192
59093
54886
69490
43379
85260
57456
26525
65259
75920
96473
23417
67471
68489
33943
13031
44241
62567
26303
83384
47824
19483
89707
94146
90310
54794
32465
35210
07473
57097
10740
00728
21602
11251
58686
08303
84673
79089
92289
46837
27254
95439
95463
13352
46162
84025
29374
51450
43474
48780
05256
96251
67259
17149
94680
33748
49331
43083
06983
50219
31438
28562
09342
73706
34262
41348
97029
27456
93613
91459
80570
86785
18460
28387
69711
84594
04171
53980
12676
04160
15354
68426
11232
01095
66413
08121
91232
37458
26433
57153
51310
76394
71793
60882
45083
21824
82835
70967
93753
51821
24172
22335
31560
47537
74702
46973
97640
77118
55607
48385
85487
76576
49806
87780
28335
71334
24104
46960
07978
14358
99638
16994
74085
14145
35278
91149
24055
32388
75676
59752
86074
78777
54989
38971
95574
73484
73456
00939
63750
92990
19918
28128
60063
22572
30050
00458
88576
15247
61150
03454
27232
60579
53946
15116
46792
72344
22790
93542
22997
98007
39274
45915
67016
76547
60832
13784
54382
47722
83019
88594
28973
35032
14313
17355
82375
80631
16587
88195
23321
37693
09887
87558
66346
55885
92564
70190
48573
03063
67748
30548
80629
92793
03474
23244
22318
02588
75194
50087
68755
16755
84044
95197
78672
78197
15532
24864
53320
51715
90936
59246
09700
99928
72166
75310
73195
99487
29574
00612
36505
98280
76400
13859
33108
25939
01275
34906
33217
79601
00285
06910
37755
50619
35248
77437
85927
69621
36302
20727
58333
71110
23408
91839
83472
32992
01801
24548
79146
71975
84917
15680
88786
79809
34266
96747
06484
84371
87994
75257
88328
42369
04280
69937
13108
14082
28646
27072
20372
32477
89293
17142
13466
73952
37475
62310
89759
80993
05022
32207
80072
26317
85229
61983
07376
93429
74788
46682
23787
87319
67821
13346
08585
61861
70786
02982
40660
17641
19643
54283
53969
69232
78302
66119
41272
42571
48419
31657
23210
38447
17126
85549
96161
34823
69376
09316
96378
99000
93113
46558
98987
26216
42919
30219
78633
79947
64347
21571
02992
26474
49977
39818
85873
77689
13857
58327
52022
38655
62687
61617
34572
39247
63155
46967
99373
98890
76055
93000
70814
49663
25658
58834
96322
39654
30074
01839
74155
65698
56602
90240
91276
14345
67274
01154
44080
02506
69799
84004
32415
36803
90170
81452
81682
98732
05098
32504
45205
43053
68834
05762
19546
05927
96892
34994
37581
24436
27738
12093
23059
63237
32950
10993
58400
66226
47816
69497
54965
48762
96837
70524
99935
68808
14876
95013
54259
13462
40405
13861
76004
40782
96879
26652
41233
73123
00432
18401
09450
16027
47364
86552
52957
30729
44870
46128
26099
03895
31402
13453
21657
25722
31757
28713
63808
81184
13082
41071
89016
98810
62952
05127
67179
59583
52000
66270
35990
12047
15947
96386
40733
14900
75784
80688
48574
86962
70612
90941
95960
76880
32153
16610
50652
60044
20592
79401
03600
00263
72223
61060
30013
40405
38267
63806
24147
65463
42866
49922
70953
43649
71172
69632
64721
14992
40260
81686
51512
69817
82092
97942
60198
22752
27090
95565
44047
03780
65953
10848
10453
98034
81551
35372
48671
62466
47566
15675
31809
95395
72818
31793
80606
17649
61255
42144
98200
87741
86941
42941
99036
59372
70327
52033
27304
80345
72719
41831
79922
80535
54199
88804
69613
96804
82112
46156
73239
19604
45668
88215
47973
68411
98701
41290
39273
73471
98510
28487
79440
58622
75806
12269
76954
70401
12677
64312
74221
14387
94394
95707
69536
67596
17343
75754
96662
47909
52831
09435
81199
88827
16514
66387
42644
41265
89339
51125
80198
20343
14287
15511
96655
86784
74472
82623
74910
11672
10220
52894
27925
12911
52526
49475
55496
62955
07382
82132
64988
25468
08844
16479
25325
66601
20358
79009
52667
18770
61422
61905
32544
43320
03778
49224
10114
49571
79206
99912
89020
45803
01424
69367
57820
71163
62836
46242
49405
43278
47702
10549
06464
56355
18883
47625
83351
52202
26042
83622
79342
11267
78059
73011
91135
10195
44940
46649
14564
26520
36923
16924
20195
83645
23434
23846
97238
38014
70997
53252
33764
76305
36492
87828
01325
28727
77289
72140
09430
16261
04550
56934
02645
89137
78536
36999
44911
04323
27104
83464
82036
67675
64102
56388
24372
26553
88227
67232
82075
63581
77953
11747
15130
25183
08048
39988
96826
12649
14215
16953
02566
71065
79673
23094
71990
78517
96486
30762
34172
35123
96403
78329
16258
38462
00994
88970
99164
63184
64654
88125
25522
02706
92676
03275
66265
37571
21634
54870
65977
71713
83011
95537
13919
63286
73806
31608
93736
27394
81069
42920
15419
36264
98874
49197
03701
35198
79527
61511
84850
35228
72044
97777
59019
07023
69364
64799
43161
34392
72223
24837
58098
67187
84323
03827
89156
18749
20407
56926
49766
25689
70480
35309
99131
26415
53722
45308
98636
96375
82245
67609
63552
91348
10093
25948
13085
67126
42229
71509
00165
34299
32993
42101
39247
42165
40789
77675
43599
71614
62720
07897
57541
46739
58384
62637
44508
88899
22801
45625
05560
72843
16924
84156
61296
08767
66154
89129
96521
52478
19182
25424
60346
33668
81328
72402
10830
03981
51673
39267
93680
63636
21644
08876
81882
25484
08209
78140
90180
94542
73269
82001
35560
44784
69449
17871
69294
69412
52545
19258
96666
84848
60317
73172
78658
27738
40930
58655
02962
86140
70510
00196
95558
82516
86868
64811
04822
65213
16034
57359
35253
14133
40818
82932
37852
39653
42313
24743
75485
67881
52803
44704
23962
86145
88978
57227
34189
72536
96843
32040
71136
22633
52121
33653
21464
53672
32400
45082
15536
13612
06850
29026
65967
33523
95750
09013
28058
09596
76343
72038
18971
25077
06560
30290
71043
70410
28053
88298
41107
11351
85528
17425
13338
61683
98997
52870
40245
67240
16782
32388
83223
73497
96989
81901
35941
22748
89858
71989
54421
66006
11152
00916
94364
61137
69904
93581
16913
17385
91068
13053
30036
91216
33016
28424
83996
64212
33174
52328
93075
37442
45688
23414
14642
19521
57727
84576
32648
04938
73935
20741
58052
34344
23474
53257
98701
97145
93337
62429
30543
68926
57245
38817
91179
56958
30396
14323
96419
69315
20938
82377
37019
47781
07419
96578
66835
56601
42348
31134
84039
33670
48267
00553
42889
95636
28709
03630
57547
75516
79660
17218
93241
44642
88164
34269
57563
73492
03637
31253
44916
72294
15632
48096
83556
13820
49939
42256
97522
62110
58689
48145
97932
01738
03369
38112
53554
56261
91341
46151
43490
57123
38726
42169
26359
10268
14868
23196
25541
43457
01765
83847
29908
80249
81505
82201
25581
92773
52877
64627
65235
29714
34362
59635
17774
11599
01205
96399
58418
63273
48746
86554
46907
04146
92328
42048
71796
76816
09188
39162
36205
10953
91910
94122
27848
00104
76388
06073
31173
48574
46761
13122
58613
66567
49759
35634
83749
32692
03766
69470
82452
51099
12565
45187
60445
59133
18106
55292
14773
28227
70902
18651
22067
28736
56517
35998
09594
48096
31177
31300
86362
25765
83147
56664
61671
49105
19241
78833
59002
11716
21982
77083
64570
13234
95185
90336
24589
59442
49330
46233
95123
95335
80124
89579
83615
89242
91636
08413
28233
44041
53475
00433
78936
26338
13031
94877
51172
51823
39636
78093
11380
68451
04111
46534
40851
31313
15394
56316
43389
07418
74728
86712
81010
91150
38412
77547
67766
94000
58306
96503
09192
63850
10247
09087
48868
04859
65777
20343
31577
44017
48345
44759
57239
07089
58070
02470
58044
82360
71478
39048
39993
39161
11757
67911
63994
16777
13442
85276
12585
05080
36224
64752
35438
40234
09540
19027
80863
32756
00244
56888
42044
38872
04484
79607
95192
60241
53313
01369
03267
61396
19320
28698
96958
75768
99376
75584
37524
44269
84881
24134
61269
39459
33727
37806
79055
65636
37515
54331
03144
36741
50445
62909
70560
72453
11304
51865
68269
02817
33475
19586
33506
18129
75304
84495
12175
64659
44571
99254
75883
29939
48816
27264
10244
26065
51192
89305
15460
70059
59774
88177
51336
27514
36466
69030
42984
30653
82769
31040
32816
59021
59889
09280
23117
16684
61054
85716
18382
25129
10138
99273
46941
66293
21677
62450
66436
64258
14597
30885
98585
15997
75771
92873
20835
12912
53478
56868
74556
22506
96745
28080
25372
75692
69868
91545
42209
70742
75792
27362
88237
67123
96451
75885
60416
58481
78609
27183
11272
21569
67494
58274
46642
46056
29582
50098
70387
86943
62319
07597
54451
68770
09581
43587
80439
34130
43813
23096
54329
96015
39047
64237
25965
61814
30313
17171
95260
07586
23540
90501
70724
97391
80014
96279
85082
44980
62009
48562
67945
88415
77357
26137
82907
53066
39115
62784
78264
31087
63456
39928
04935
82889
61445
04279
25780
21433
86476
53457
69692
30629
24405
52505
47477
82708
44986
57613
70412
58008
06179
45379
04302
38678
60351
51831
71607
20735
15466
62478
73591
11729
53325
05938
77088
24869
49649
20024
93343
27172
79274
77121
25742
12795
95053
51037
50291
42087
55427
55195
43610
96343
35856
49186
30794
06870
49946
86643
89558
93987
86275
93664
27554
07208
82891
29027
14523
56901
50548
08842
84757
80580
42118
43158
50240
80051
01383
84121
87407
64542
97565
69263
84961
68602
29397
42389
22082
51842
06213
69287
26565
65506
53405
29014
59610
27251
79728
01181
20036
28838
32220
63885
94184
27726
58544
86681
58748
51033
16746
37354
28199
48543
33035
00548
91633
11468
24387
23405
23910
43335
30542
90078
90969
84790
55209
18916
54991
26818
43994
67635
45674
54192
94315
52434
08550
09159
11309
97074
61931
44762
40533
94485
60702
55773
94706
21380
48506
23503
66198
72923
50894
66885
80773
88410
02743
03574
87689
55006
22271
90913
96019
09617
88952
79529
33033
62094
75379
11793
71656
34895
76444
01963
95046
75132
07261
46705
07840
04234
95000
47109
58218
26752
05294
75460
55152
68670
34357
16878
44403
17612
90755
98251
62064
07866
31750
87638
03805
10033
61315
69118
57061
46435
32079
94816
26184
49329
65589
66428
85979
27722
12945
24564
68083
50128
52272
19376
78629
35475
48007
69086
88651
84369
86597
38650
11898
33716
47453
58168
02856
92963
00362
76017
21654
94943
09035
56382
08963
27173
82853
00933
14533
86060
04281
70022
62953
12847
76861
99075
58054
59987
32022
74996
29347
49293
28969
50320
70373
87804
17192
33943
07087
52554
12743
91355
05982
48054
04297
86718
62085
22922
61509
49401
50124
22639
63994
59190
83765
88476
93590
78776
54528
33780
47670
62371
39143
07937
14607
64426
93954
04527
08026
03485
11341
75646
99127
91416
37078
09402
71997
39445
49896
64990
24485
89861
44757
55127
56611
72968
82777
03736
04615
16347
35018
20828
12880
09397
41931
42303
15672
43225
76443
16914
36576
23523
35594
60747
72138
63935
89327
48255
70647
99903
42353
19682
68201
56360
53408
35726
63829
85373
72951
54780
18735
48339
64774
01550
88183
97024
25577
62855
16433
50251
17378
78342
15590
41512
17380
30878
76626
36994
69432
13048
64647
55482
19613
32231
71272
83515
27588
33089
88050
19913
75122
63169
62553
37461
02818
25889
62402
86408
10402
98891
95762
87087
76712
49913
41625
63671
77628
20915
36550
72031
25578
94567
00155
42924
92238
26130
05264
79600
51244
75092
46990
56179
80138
72979
31415
59122
06315
76357
88452
40390
34904
03137
37167
98415
94920
64755
25144
66279
02578
80924
47179
21876
12335
09537
94105
55075
64455
87266
91467
46405
38747
15607
35554
97931
49005
54225
42860
86960
44361
32778
55503
39633
21871
70581
70747
17954
08502
70273
90564
70433
66153
30641
51419
68771
66274
42257
79568
65845
89091
49864
71415
01990
39017
08369
00581
26488
02092
26382
73483
14566
33963
01394
23590
39539
31159
62270
34111
12325
39734
73587
38813
92221
53783
31475
83212
22175
60348
14697
13254
42124
78583
15888
71464
51419
41036
69067
12168
02256
69699
36667
60518
25842
76327
78306
91002
88185
41299
87736
05056
90933
33555
11004
60218
07469
87323
62866
09184
62290
05310
55365
50119
73968
82356
33595
15511
31998
18375
79226
73959
80691
32615
46963
60197
42351
92140
45868
87922
66914
82311
47501
66538
02034
56971
45553
84014
54517
93173
98945
38310
10120
59646
72416
77949
60520
53762
75627
23348
04739
23904
81114
26683
34676
12396
38633
55200
50301
01758
21987
53290
04275
48828
05240
03904
17529
07432
90119
36472
87677
88663
22240
54000
64101
63513
91979
61376
09034
06596
72138
07930
11476
14893
53745
30305
39709
53393
41773
12831
02836
77531
33518
57367
90272
47883
55928
86138
19583
32213
56515
98351
70935
55432
79253
36804
37860
05413
45104
78326
93179
64613
26135
78964
34283
21847
54079
04195
04197
78025
98618
42037
44000
34069
66702
78730
11315
27509
30417
82535
93584
78713
33698
31028
83582
58076
75251
85036
52076
86113
31302
04924
13971
84030
08708
79678
75660
43949
56421
39374
44584
01109
14064
00726
92901
06861
79141
78182
65216
38371
25054
52948
26547
84356
72680
45904
69041
28916
27689
46449
10618
24917
38137
32220
74757
55876
86488
93012
16459
13340
26958
43445
09748
28579
52684
55638
44309
23133
81482
91541
62661
25325
25662
02987
43494
68558
98685
57731
96540
17633
69787
41542
40729
66308
87380
12541
78078
68754
64871
36469
69244
59012
02758
52884
99187
99110
50063
01652
36998
69938
76668
72432
73365
59626
33528
25477
06326
85383
52488
72350
41772
37432
53130
47447
94302
66914
95378
35809
88200
28637
79153
84725
40546
59961
48138
45627
72810
63858
41262
92824
06597
28949
97169
97962
88838
56251
48767
60895
64091
75787
83201
69969
48976
05889
40816
76491
30290
48736
58995
69048
93808
44444
